$ 1 0.000005 10.20027730826997 50 5 50 5e-11
150 240 208 336 208 0 2 5 5
150 240 304 336 304 0 2 0 5
154 336 256 432 256 0 2 5 5
I 192 224 240 224 0 0.5 5
w 336 304 336 272 0
w 336 208 336 240 0
M 432 256 448 256 0 2.5
L 112 192 96 192 0 1 false 5 0
L 112 320 96 320 0 0 false 5 0
L 112 256 96 256 0 0 false 5 0
x 56 197 69 200 4 24 a
x 56 326 69 329 4 24 b
x 41 261 71 264 4 24 sel
w 112 192 240 192 0
w 112 320 240 320 0
w 112 256 192 256 0
w 192 224 192 256 0
w 192 256 192 288 0
w 192 288 240 288 0
