$ 1 0.000005 10.20027730826997 50 5 50 5e-11
184 -32 336 -16 336 0 1
184 -32 496 -16 496 0 1
184 64 416 80 416 0 1
L -32 336 -48 336 0 0 false 5 0
L -32 368 -48 368 0 0 false 5 0
L -128 432 -144 432 0 0 false 5 0
L -128 640 -144 640 0 1 false 5 0
L -32 528 -48 528 0 0 false 5 0
L -32 496 -48 496 0 1 false 5 0
w 64 336 64 416 0
w 64 496 64 448 0
x -90 341 -77 344 4 24 a
x -90 374 -77 377 4 24 b
x -89 499 -77 502 4 24 c
x -91 536 -78 539 4 24 d
x -213 439 -169 442 4 24 sel0
x -211 646 -167 649 4 24 sel1
w -128 432 -128 592 0
w -128 592 32 592 0
w -128 432 32 432 0
M 160 416 176 416 0 2.5
w -128 640 128 640 0
w 128 512 128 640 0
x 201 421 234 424 4 24 out
x -66 256 75 259 4 32 Mux4Way
