$ 1 0.000005 10.20027730826997 50 5 50 5e-11
L 544 304 528 304 0 1 false 5 0
L 544 336 496 336 0 1 false 5 0
L 640 368 528 368 0 1 false 5 0
L 640 400 496 400 0 1 false 5 0
L 832 528 496 528 0 0 false 5 0
L 832 496 528 496 0 0 false 5 0
L 736 464 496 464 0 0 false 5 0
L 736 432 528 432 0 1 false 5 0
! default 0 A,B,C S,C FullAdder 111\q11\n110\q01\n011\q01\n101\q01\n100\q10\n010\q10\n001\q10\n000\q00\n
208 640 336 720 336 0 default 5 5
w 832 432 832 464 0
208 832 464 912 464 0 default 5 0
208 736 400 816 400 0 default 0 5
w 736 368 736 400 0
M 640 304 944 304 0 2.5
M 736 336 944 336 0 2.5
M 832 400 944 400 0 2.5
M 928 464 944 464 0 2.5
x 977 384 1063 387 4 24 out[0..3]
x 271 384 464 387 4 24 a[0..3]\s(short\spins)
x 270 417 455 420 4 24 b[0..3]\s(long\spins)
x 619 232 693 235 4 32 Add4
195 544 304 592 304 0
