$ 1 0.000005 10.20027730826997 50 5 50 5e-11
L 256 160 240 160 0 0 false 5 0
L 400 160 384 160 0 0 false 5 0
L 624 64 608 64 0 0 false 5 0
L 768 64 752 64 0 0 false 5 0
L 192 64 176 64 0 1 false 5 0
L 192 -80 176 -80 0 1 false 5 0
L 400 16 384 16 0 0 false 5 0
L 256 16 240 16 0 0 false 5 0
x 144 -75 156 -72 4 24 x
x 196 22 220 25 4 24 zx
x 340 21 365 24 4 24 nx
x 195 165 219 168 4 24 zy
x 340 165 365 168 4 24 ny
x 577 71 583 74 4 24 f
x 705 70 731 73 4 24 no
x 145 69 157 72 4 24 y
I 288 -48 336 -48 0 0.5 5
I 288 96 336 96 0 0.5 5
184 192 -80 208 -80 0 1
184 192 64 208 64 0 1
184 336 64 352 64 0 1
184 336 -80 352 -80 0 1
w 288 -80 288 -48 0
w 288 -80 336 -80 0
w 288 64 336 64 0
w 288 64 288 96 0
150 464 -64 560 -64 0 2 5 5
184 560 -32 576 -32 0 1
195 464 32 528 32 0
184 704 -32 720 -32 0 1
I 656 0 704 0 0 0.5 5
w 656 -32 656 0 0
w 656 -32 704 -32 0
w 560 32 560 0 0
w 560 -64 560 -32 0
w 432 -80 464 32 0
w 432 64 464 -48 0
w 432 -80 464 -80 0
w 432 64 464 64 0
M 848 -32 864 -32 0 2.5
x 885 -28 918 -25 4 24 out
x 722 -271 855 -268 4 32 1-bit\sALU
x 885 4 904 7 4 24 zr
M 848 0 864 0 0 2.5
x 884 38 1469 41 4 24 ng\snot\sincluded\s(2s\scomplement\sonly\sworks\sfor\smultibit)
I 800 0 848 0 0 0.5 5
w 800 -32 848 -32 0
w 800 -32 800 0 0
x 522 -232 1072 -229 4 24 NOTE:\sthe\smultibit\sversion\swill\slook\sslightly\sdifferent:
x 522 -200 757 -197 4 24 1.\szr\s\q\sNor16Way(out)
x 522 -165 773 -162 4 24 2.\sng\s\q\sAnd(outMSB,\s1)
