$ 1 0.000005 10.20027730826997 50 5 50 5e-11
150 240 224 320 224 0 2 5 5
150 240 304 320 304 0 2 0 5
I 192 240 240 240 0 0.5 5
L 160 224 144 224 0 1 false 5 0
L 160 304 144 304 0 0 false 5 0
x 96 230 114 233 4 24 in
x 81 310 111 313 4 24 sel
w 160 224 160 208 0
w 160 208 240 208 0
w 160 224 160 288 0
w 160 288 240 288 0
w 160 304 192 304 0
w 192 304 192 240 0
w 192 304 192 320 0
w 192 320 240 320 0
M 320 224 336 224 0 2.5
M 320 304 336 304 0 2.5
x 369 311 382 314 4 24 b
x 369 230 382 233 4 24 a
x 203 157 286 160 4 32 DMux
