$ 1 0.000005 10.20027730826997 50 5 50 5e-11
150 240 208 336 208 0 2 5 5
150 240 304 336 304 0 2 0 5
I 192 224 240 224 0 0.5 5
w 336 304 336 272 0
w 336 208 336 240 0
M 432 256 448 256 0 2.5
L 176 192 160 192 0 1 false 5 0
L 176 320 160 320 0 0 false 5 0
L 176 256 160 256 0 0 false 5 0
x 120 197 133 200 4 24 a
x 120 326 133 329 4 24 b
x 105 261 135 264 4 24 sel
w 176 192 240 192 0
w 176 256 192 256 0
w 192 224 192 256 0
w 192 256 192 288 0
w 192 288 240 288 0
x 254 123 314 126 4 32 Mux
152 336 256 432 256 0 2 5 5
w 176 320 240 320 0
