$ 1 0.000005 10.20027730826997 50 5 50 5e-11
184 256 112 288 112 0 2
184 384 272 400 272 0 1
184 256 352 320 352 0 2
L 256 112 240 112 0 0 false 5 0
L 256 144 240 144 0 1 false 5 0
L 256 208 240 208 0 0 false 5 0
L 256 176 240 176 0 0 false 5 0
L 256 416 240 416 0 0 false 5 0
L 256 448 240 448 0 0 false 5 0
L 256 384 240 384 0 0 false 5 0
L 256 352 240 352 0 0 false 5 0
w 384 112 384 272 0
w 384 304 384 352 0
L 160 336 144 336 0 0 false 5 0
L 160 304 144 304 0 0 false 5 0
L 176 272 144 272 0 1 false 5 0
w 160 304 192 304 0
w 352 304 352 272 0
w 160 336 160 544 0
w 176 528 352 528 0
w 352 528 352 512 0
w 160 544 448 544 0
w 448 544 448 368 0
w 320 512 192 512 0
w 192 304 192 512 0
w 192 304 352 304 0
w 176 272 176 528 0
w 176 272 320 272 0
M 480 272 496 272 0 2.5
x 240 27 381 30 4 32 Mux8Way
x 199 115 212 118 4 24 a
x 200 149 213 152 4 24 b
x 200 178 212 181 4 24 c
x 200 210 213 213 4 24 d
x 204 452 217 455 4 24 h
x 204 420 217 423 4 24 g
x 207 390 213 393 4 24 f
x 206 356 219 359 4 24 e
x 75 340 119 343 4 24 sel2
x 75 307 119 310 4 24 sel1
x 76 277 120 280 4 24 sel0
x 521 274 554 277 4 24 out
